#1. nodeID, 2. throughput, 3. jfi, 4. throughputfit, 5. jfi_fit, 6. maxAgThroughput, 7. jfi_maxAg
2 2.946763e+07 1.000000e+00 4.750707e+07 1.000000e+00 5.955111e+07 1.000000e+00
3 3.079699e+07 1.000000e+00 5.106038e+07 1.000000e+00 5.971390e+07 1.000000e+00
4 3.150769e+07 1.000000e+00 5.304411e+07 1.000000e+00 5.979562e+07 1.000000e+00
5 3.195008e+07 1.000000e+00 5.431010e+07 1.000000e+00 5.984476e+07 1.000000e+00
6 3.225197e+07 1.000000e+00 5.518821e+07 1.000000e+00 5.987757e+07 1.000000e+00
7 3.247112e+07 1.000000e+00 5.583302e+07 1.000000e+00 5.990103e+07 1.000000e+00
8 3.263745e+07 1.000000e+00 5.632660e+07 1.000000e+00 5.991863e+07 1.000000e+00
9 3.434128e+07 9.999634e-01 5.671657e+07 1.000000e+00 5.991189e+07 9.480486e-01
10 3.588696e+07 9.999666e-01 5.703246e+07 1.000000e+00 5.990708e+07 9.141346e-01
11 3.729461e+07 9.999785e-01 5.729354e+07 1.000000e+00 5.990419e+07 8.949389e-01
12 3.858128e+07 9.999889e-01 5.751294e+07 1.000000e+00 5.990323e+07 8.887365e-01
13 3.976146e+07 9.999955e-01 5.769991e+07 1.000000e+00 5.990419e+07 8.949872e-01
14 4.084751e+07 9.999987e-01 5.786113e+07 1.000000e+00 5.990708e+07 9.142152e-01
15 4.185002e+07 9.999999e-01 5.800159e+07 1.000000e+00 5.991189e+07 9.481244e-01
16 4.277807e+07 1.000000e+00 5.812506e+07 1.000000e+00 5.991863e+07 1.000000e+00
17 4.349371e+07 9.999887e-01 5.823443e+07 1.000000e+00 5.991502e+07 9.714804e-01
18 4.416240e+07 9.999848e-01 5.833200e+07 1.000000e+00 5.991189e+07 9.480486e-01
19 4.478842e+07 9.999848e-01 5.841957e+07 1.000000e+00 5.990925e+07 9.290891e-01
20 4.537559e+07 9.999866e-01 5.849862e+07 1.000000e+00 5.990708e+07 9.141346e-01
21 4.592731e+07 9.999891e-01 5.857032e+07 1.000000e+00 5.990540e+07 9.028357e-01
22 4.644661e+07 9.999917e-01 5.863565e+07 1.000000e+00 5.990419e+07 8.949389e-01
23 4.693618e+07 9.999939e-01 5.869543e+07 1.000000e+00 5.990347e+07 8.902725e-01
24 4.739846e+07 9.999958e-01 5.875034e+07 1.000000e+00 5.990323e+07 8.887365e-01
25 4.783562e+07 9.999973e-01 5.880094e+07 1.000000e+00 5.990347e+07 8.902976e-01
26 4.824961e+07 9.999983e-01 5.884773e+07 1.000000e+00 5.990419e+07 8.949872e-01
27 4.864220e+07 9.999991e-01 5.889112e+07 1.000000e+00 5.990539e+07 9.029032e-01
28 4.901498e+07 9.999995e-01 5.893147e+07 1.000000e+00 5.990708e+07 9.142152e-01
29 4.936939e+07 9.999998e-01 5.896908e+07 1.000000e+00 5.990924e+07 9.291736e-01
30 4.970673e+07 9.999999e-01 5.900423e+07 1.000000e+00 5.991189e+07 9.481244e-01
31 5.002820e+07 1.000000e+00 5.903715e+07 1.000000e+00 5.991502e+07 9.715301e-01
32 5.033487e+07 1.000000e+00 5.906805e+07 1.000000e+00 5.991863e+07 1.000000e+00
33 5.059534e+07 9.999976e-01 5.909710e+07 1.000000e+00 5.991676e+07 9.850588e-01
34 5.084531e+07 9.999961e-01 5.912447e+07 1.000000e+00 5.991502e+07 9.714804e-01
35 5.108537e+07 9.999952e-01 5.915030e+07 1.000000e+00 5.991340e+07 9.591709e-01
36 5.131608e+07 9.999948e-01 5.917472e+07 1.000000e+00 5.991189e+07 9.480486e-01
37 5.153797e+07 9.999948e-01 5.919783e+07 1.000000e+00 5.991051e+07 9.380421e-01
38 5.175151e+07 9.999949e-01 5.921975e+07 1.000000e+00 5.990925e+07 9.290891e-01
39 5.195715e+07 9.999952e-01 5.924055e+07 1.000000e+00 5.990810e+07 9.211355e-01
40 5.215532e+07 9.999956e-01 5.926033e+07 1.000000e+00 5.990708e+07 9.141346e-01
41 5.234640e+07 9.999960e-01 5.927916e+07 1.000000e+00 5.990618e+07 9.080461e-01
42 5.253076e+07 9.999964e-01 5.929710e+07 1.000000e+00 5.990540e+07 9.028357e-01
43 5.270874e+07 9.999969e-01 5.931421e+07 1.000000e+00 5.990473e+07 8.984745e-01
44 5.288066e+07 9.999973e-01 5.933056e+07 1.000000e+00 5.990419e+07 8.949389e-01
45 5.304681e+07 9.999977e-01 5.934619e+07 1.000000e+00 5.990377e+07 8.922098e-01
46 5.320748e+07 9.999981e-01 5.936115e+07 1.000000e+00 5.990347e+07 8.902725e-01
47 5.336293e+07 9.999984e-01 5.937548e+07 1.000000e+00 5.990329e+07 8.891168e-01
48 5.351341e+07 9.999987e-01 5.938922e+07 1.000000e+00 5.990323e+07 8.887365e-01
49 5.365914e+07 9.999989e-01 5.940240e+07 1.000000e+00 5.990329e+07 8.891295e-01
50 5.380035e+07 9.999991e-01 5.941506e+07 1.000000e+00 5.990347e+07 8.902976e-01
51 5.393724e+07 9.999993e-01 5.942723e+07 1.000000e+00 5.990377e+07 8.922468e-01
52 5.407000e+07 9.999995e-01 5.943894e+07 1.000000e+00 5.990419e+07 8.949872e-01
53 5.419881e+07 9.999996e-01 5.945021e+07 1.000000e+00 5.990473e+07 8.985331e-01
54 5.432385e+07 9.999997e-01 5.946106e+07 1.000000e+00 5.990539e+07 9.029032e-01
55 5.444527e+07 9.999998e-01 5.947153e+07 1.000000e+00 5.990617e+07 9.081211e-01
56 5.456323e+07 9.999999e-01 5.948162e+07 1.000000e+00 5.990708e+07 9.142152e-01
57 5.467788e+07 9.999999e-01 5.949136e+07 1.000000e+00 5.990810e+07 9.212194e-01
58 5.478934e+07 9.999999e-01 5.950077e+07 1.000000e+00 5.990924e+07 9.291736e-01
59 5.489776e+07 1.000000e+00 5.950987e+07 1.000000e+00 5.991050e+07 9.381241e-01
60 5.500325e+07 1.000000e+00 5.951866e+07 1.000000e+00 5.991189e+07 9.481244e-01
61 5.510592e+07 1.000000e+00 5.952717e+07 1.000000e+00 5.991339e+07 9.592362e-01
62 5.520589e+07 1.000000e+00 5.953541e+07 1.000000e+00 5.991502e+07 9.715301e-01
63 5.530327e+07 1.000000e+00 5.954338e+07 1.000000e+00 5.991676e+07 9.850871e-01
64 5.539814e+07 1.000000e+00 5.955111e+07 1.000000e+00 5.991863e+07 1.000000e+00
65 5.547772e+07 9.999996e-01 5.955861e+07 1.000000e+00 5.991768e+07 9.923527e-01
66 5.555550e+07 9.999993e-01 5.956587e+07 1.000000e+00 5.991676e+07 9.850588e-01
67 5.563151e+07 9.999990e-01 5.957293e+07 1.000000e+00 5.991588e+07 9.781054e-01
68 5.570583e+07 9.999988e-01 5.957977e+07 1.000000e+00 5.991502e+07 9.714804e-01
69 5.577850e+07 9.999987e-01 5.958642e+07 1.000000e+00 5.991419e+07 9.651724e-01
70 5.584959e+07 9.999986e-01 5.959289e+07 1.000000e+00 5.991340e+07 9.591709e-01
